444,1
443,2
442,3
441,4
440,5
439,6
438,7
437,8
436,9
437,10
436,11
436,12
437,13
436,14
437,15
438,16
439,17
440,18
440,19
440,20
440,21
439,22
439,23
438,24
439,25
438,26
439,27
440,28
441,29
441,30
442,31
443,32
443,33
444,34
444,35
445,36
444,37
443,38
443,39
444,40
444,41
444,42
443,43
443,44
442,45
441,46
442,47
443,48
444,49
443,50
442,51
442,52
443,53
444,54
445,55
445,56
445,57
446,58
445,59
445,60
445,61
444,62
445,63
446,64
445,65
445,66
445,67
445,68
446,69
446,70
446,71
445,72
444,73
443,74
442,75
441,76
440,77
441,78
440,79
440,80
440,81
440,82
439,83
439,84
439,85
438,86
439,87
438,88
437,89
438,90
437,91
437,92
437,93
438,94
437,95
438,96
438,97
438,98
438,99
437,100
436,101
436,102
435,103
435,104
435,105
434,106
434,107
433,108
432,109
431,110
432,111
433,112
432,113
431,114
431,115
432,116
431,117
432,118
431,119
430,120
431,121
431,122
431,123
432,124
431,125
431,126
431,127
431,128
430,129
431,130
432,131
432,132
432,133
432,134
431,135
431,136
432,137
432,138
433,139
433,140
432,141
433,142
434,143
433,144
433,145
432,146
431,147
431,148
431,149
430,150
430,151
430,152
429,153
429,154
430,155
429,156
428,157
428,158
428,159
429,160
429,161
430,162
430,163
431,164
432,165
432,166
432,167
432,168
431,169
432,170
431,171
432,172
433,173
433,174
433,175
432,176
433,177
433,178
432,179
431,180
430,181
431,182
432,183
432,184
432,185
432,186
433,187
433,188
434,189
434,190
435,191
434,192
435,193
436,194
435,195
435,196
436,197
435,198
435,199
436,200
435,201
436,202
436,203
437,204
437,205
436,206
435,207
436,208
436,209
435,210
435,211
435,212
436,213
435,214
436,215
435,216
434,217
434,218
433,219
433,220
432,221
431,222
430,223
429,224
428,225
428,226
428,227
427,228
427,229
427,230
427,231
426,232
425,233
424,234
423,235
422,236
421,237
420,238
419,239
418,240
417,241
416,242
415,243
415,244
414,245
414,246
413,247
414,248
415,249
416,250
416,251
415,252
415,253
415,254
414,255
413,256
412,257
411,258
412,259
412,260
412,261
413,262
412,263
412,264
412,265
413,266
413,267
413,268
412,269
411,270
411,271
410,272
409,273
410,274
409,275
408,276
409,277
410,278
410,279
410,280
409,281
409,282
408,283
407,284
407,285
408,286
407,287
408,288
407,289
408,290
407,291
407,292
406,293
406,294
405,295
405,296
406,297
406,298
406,299
407,300
407,301
406,302
405,303
405,304
405,305
404,306
404,307
403,308
402,309
401,310
400,311
399,312
398,313
397,314
396,314
395,313
394,313
393,312
392,313
391,313
390,314
389,314
388,315
387,316
386,315
385,314
384,313
383,312
382,311
381,312
380,312
379,313
378,313
377,313
376,314
375,313
374,312
373,311
372,311
371,311
370,311
369,310
368,311
367,310
366,310
365,309
364,310
363,309
362,308
361,307
360,307
359,307
358,306
357,305
356,304
355,303
354,304
353,304
352,303
351,304
350,304
349,304
348,303
347,303
346,302
345,301
344,301
343,302
342,301
341,300
340,299
339,300
338,301
337,302
336,303
335,302
334,303
333,304
332,303
331,302
330,302
329,302
328,303
327,303
326,302
325,303
324,304
323,303
322,304
321,303
320,303
319,304
318,303
317,303
316,302
315,303
314,304
313,305
312,306
311,307
310,307
309,308
308,308
307,307
306,307
305,306
304,307
303,306
302,305
301,305
300,306
299,306
298,306
297,305
296,305
295,306
294,307
293,308
292,308
291,308
290,307
289,307
288,306
287,306
286,306
285,306
284,307
283,308
282,309
281,308
280,309
279,310
278,309
277,309
276,308
275,309
274,310
273,311
272,312
271,313
270,313
269,314
268,314
267,315
266,316
265,317
264,318
263,319
262,320
261,321
260,322
259,323
258,324
257,325
256,326
255,327
254,328
253,329
252,330
251,331
250,332
249,333
248,334
247,335
246,336
245,337
244,338
243,339
242,340
241,341
240,342
239,343
238,344
237,345
236,345
235,345
234,344
233,343
232,344
231,344
230,345
229,344
228,343
227,344
226,344
225,344
224,344
223,345
222,345
221,346
220,346
219,345
218,346
217,346
216,347
215,347
214,348
213,348
212,349
211,348
210,348
209,347
208,348
207,349
206,348
205,349
204,348
203,347
202,348
201,347
200,346
199,346
198,345
197,345
196,346
195,346
194,347
193,346
192,345
191,346
190,346
189,346
188,346
187,346
186,346
185,346
184,346
183,346
182,346
181,345
180,346
179,347
178,346
177,345
176,345
175,345
174,346
173,347
172,348
171,347
170,347
169,347
168,348
167,347
166,346
165,346
164,345
163,345
162,345
161,346
160,347
159,346
158,346
157,347
156,347
155,346
154,346
153,345
152,344
151,344
150,343
149,343
148,342
147,342
146,342
145,341
144,340
143,340
142,339
141,339
140,339
139,338
138,338
137,337
136,338
135,337
134,337
133,337
132,336
131,335
130,335
129,335
128,334
127,335
126,335
125,334
124,335
123,336
122,336
121,336
120,335
119,336
118,336
117,337
116,336
115,337
114,336
113,337
112,336
111,335
110,334
109,335
108,335
107,336
106,337
105,337
104,338
103,339
102,339
101,338
100,337
99,337
98,336
97,335
96,334
95,333
94,332
93,331
92,330
91,329
90,328
89,327
88,326
87,325
86,324
85,323
84,322
83,321
82,320
81,319
80,318
79,317
78,316
77,315
76,314
75,313
74,312
73,311
72,310
71,309
70,308
69,307
68,306
67,305
66,304
65,303
65,302
65,301
64,300
64,299
64,298
65,297
64,296
64,295
64,294
64,293
65,292
64,291
64,290
65,289
66,288
65,287
66,286
66,285
66,284
66,283
65,282
66,281
66,280
66,279
66,278
67,277
66,276
65,275
66,274
65,273
66,272
65,271
65,270
66,269
67,268
66,267
67,266
68,265
67,264
66,263
67,262
67,261
67,260
67,259
67,258
67,257
67,256
67,255
67,254
66,253
66,252
65,251
65,250
65,249
64,248
65,247
66,246
67,245
68,244
68,243
68,242
69,241
69,240
70,239
69,238
70,237
70,236
69,235
69,234
69,233
68,232
68,231
69,230
70,229
71,228
70,227
69,226
70,225
69,224
68,223
69,222
68,221
69,220
68,219
67,218
67,217
68,216
68,215
69,214
68,213
69,212
70,211
69,210
68,209
69,208
68,207
68,206
69,205
70,204
71,203
72,202
72,201
73,200
72,199
73,198
72,197
72,196
73,195
73,194
72,193
72,192
72,191
72,190
71,189
72,188
72,187
71,186
72,185
73,184
74,183
75,182
74,181
75,180
75,179
76,178
77,177
77,176
78,175
79,174
79,173
79,172
80,171
81,170
81,169
81,168
82,167
83,166
84,165
85,164
86,163
87,162
88,161
89,160
90,159
91,158
92,157
93,156
94,155
95,154
96,153
97,152
98,151
99,150
100,149
101,148
102,147
103,146
104,145
105,144
106,143
107,142
108,141
109,140
110,139
111,138
112,137
113,136
114,135
115,134
116,133
117,132
118,131
119,130
120,129
121,128
122,127
123,126
124,125
125,124
126,123
127,122
128,121
129,120
130,119
131,118
132,117
133,116
134,115
135,114
136,113
137,112
138,111
139,110
140,109
141,108
142,107
143,106
144,105
145,104
146,103
147,102
148,101
149,102
150,103
151,103
152,103
153,104
154,103
155,102
156,101
157,100
158,99
159,98
160,97
161,96
162,95
163,94
164,93
165,92
166,91
167,90
168,89
169,88
170,87
171,86
172,85
173,84
174,83
175,82
176,81
177,80
178,79
178,78
179,77
178,76
178,75
179,74
178,73
179,72
178,71
179,70
179,69
178,68
179,67
180,66
181,65
182,64
181,63
182,62
182,61
183,60
184,59
185,58
186,57
185,56
186,55
187,54
187,53
188,52
189,51
188,50
188,49
189,48
189,47
188,46
188,45
189,44
190,43
190,42
190,41
189,40
189,39
188,38
187,37
187,36
186,35
186,34
185,33
186,32
185,31
184,30
184,29
183,28
183,27
183,26
184,25
183,24
184,23
185,22
184,21
185,20
186,19
186,18
185,17
186,16
185,15
185,14
184,13
185,12
185,11
184,10
183,9
182,8
181,7
181,6
181,5
182,4
183,3
182,2
182,1
181,0
