1,402
2,403
3,404
4,405
5,406
6,407
7,407
8,408
9,408
10,409
11,408
12,409
13,409
14,409
15,408
16,408
17,407
18,407
19,408
20,407
21,408
22,407
23,408
24,407
25,408
26,409
27,409
28,409
29,410
30,409
31,410
32,410
33,410
34,409
35,410
36,411
37,412
38,413
39,414
40,415
41,416
42,417
43,418
44,419
45,419
46,419
47,418
48,417
49,417
50,418
51,417
52,418
53,418
54,419
55,419
56,420
57,421
58,421
59,422
60,423
61,423
62,423
63,422
64,422
65,421
66,421
67,422
68,422
69,421
70,421
71,420
72,421
73,421
74,422
75,423
76,424
77,424
78,425
79,424
80,424
81,424
82,425
83,426
84,425
85,425
86,426
87,425
88,426
89,425
90,424
91,423
92,423
93,424
94,423
95,422
96,422
97,423
98,424
99,424
100,423
101,422
102,421
103,420
104,419
105,418
106,417
107,417
108,417
109,416
110,417
111,417
112,418
113,417
114,416
115,415
116,414
117,413
118,412
119,411
120,410
121,409
122,408
123,407
124,406
125,405
126,404
127,403
128,402
129,401
130,400
131,399
132,398
133,397
134,396
135,395
135,394
134,393
134,392
135,391
136,390
136,389
137,388
136,387
136,386
136,385
136,384
137,383
137,382
136,381
137,380
137,379
138,378
139,377
139,376
139,375
140,374
141,373
141,372
142,371
142,370
142,369
142,368
143,367
144,366
145,365
145,364
146,363
146,362
145,361
146,360
147,359
148,358
149,357
149,356
149,355
149,354
149,353
150,352
150,351
151,350
152,349
153,348
154,347
155,346
156,345
157,344
158,343
159,342
160,341
161,340
162,339
163,338
164,337
165,336
166,335
167,334
168,333
169,332
170,331
171,330
172,329
173,328
174,327
175,326
176,325
177,324
178,323
179,322
180,321
181,320
182,319
183,318
184,317
185,316
186,315
187,314
188,313
189,312
190,311
191,310
192,310
193,309
194,308
195,307
196,307
197,306
198,305
199,304
200,303
201,304
202,305
203,304
204,305
205,306
206,305
207,304
208,304
209,303
210,304
211,303
212,303
213,304
214,304
215,303
216,303
217,304
218,303
219,303
220,303
221,302
222,302
223,301
224,300
225,299
226,298
227,297
228,296
229,295
230,294
231,293
232,292
233,291
234,291
235,292
236,291
237,291
238,292
239,291
240,292
241,292
242,292
243,293
244,293
245,292
246,293
247,292
248,292
249,291
250,292
251,291
252,291
253,291
254,292
255,293
256,293
257,292
258,293
259,294
260,295
261,295
262,296
263,295
264,295
265,295
266,294
267,293
268,292
269,292
270,292
271,293
272,292
273,292
274,293
275,294
276,295
277,294
278,293
279,292
280,292
281,291
282,292
283,291
284,291
285,291
286,292
287,292
288,293
289,293
290,292
291,293
292,294
293,295
294,296
295,295
296,296
297,295
298,295
299,294
300,294
301,293
302,292
303,292
304,292
305,293
306,294
307,294
308,294
309,295
310,295
311,295
312,295
313,294
314,293
315,293
316,292
317,292
318,292
319,291
320,290
321,289
322,288
323,287
324,286
325,285
326,284
327,283
328,282
329,281
330,280
331,279
332,278
333,277
334,276
335,275
336,274
337,273
338,272
339,271
340,270
341,269
342,268
343,267
344,266
345,265
346,264
347,263
348,262
349,261
350,260
351,259
352,258
353,257
354,256
355,256
356,255
357,254
358,253
359,252
360,251
361,250
362,249
363,248
364,247
365,246
366,245
367,244
368,243
369,242
370,241
371,240
372,239
373,238
374,237
375,236
376,235
377,234
378,233
379,232
380,231
381,230
382,229
383,228
384,227
385,226
386,225
387,224
388,223
389,222
390,221
391,220
392,219
393,218
394,217
395,216
396,215
397,214
398,213
399,212
400,211
401,210
402,209
403,208
404,207
405,206
406,205
407,204
407,203
408,202
409,201
408,200
409,199
410,198
409,197
410,196
409,195
408,194
407,193
408,192
408,191
407,190
408,189
407,188
406,187
405,186
406,185
405,184
404,183
403,182
402,181
402,180
401,179
400,178
399,177
398,176
397,175
396,174
395,173
394,172
393,171
392,170
391,169
390,168
389,167
388,166
387,165
386,164
385,163
384,162
383,161
382,160
381,159
380,158
379,157
378,156
377,155
376,154
375,153
374,152
373,151
373,150
372,149
371,148
370,147
369,146
369,145
369,144
370,143
369,142
369,141
370,140
369,139
369,138
368,137
367,136
367,135
366,134
366,133
365,132
365,131
364,130
363,129
362,128
361,127
360,126
359,125
359,124
358,123
357,122
356,121
355,120
354,119
353,118
352,117
351,116
350,115
349,114
348,113
347,112
346,111
345,110
344,109
343,108
342,107
341,106
340,105
339,104
338,103
337,102
336,101
335,100
334,99
333,98
332,97
331,96
330,95
329,94
328,93
327,92
326,91
325,90
324,89
323,88
322,87
321,86
320,85
319,84
318,83
317,82
316,81
315,80
314,79
313,78
312,77
311,76
310,75
309,74
308,73
307,72
306,71
305,70
304,69
303,68
302,67
301,66
300,65
299,64
298,63
297,62
296,61
295,60
294,59
293,58
292,57
291,56
292,55
292,54
293,53
293,52
292,51
293,50
292,49
292,48
291,47
291,46
290,45
291,44
291,43
291,42
290,41
291,40
290,39
289,38
289,37
289,36
290,35
290,34
289,33
288,32
288,31
289,30
288,29
288,28
288,27
287,26
288,25
289,24
290,23
291,22
292,21
293,20
292,19
292,18
292,17
291,16
291,15
290,14
289,13
289,12
290,11
291,10
290,9
290,8
289,7
290,6
291,5
290,4
291,3
291,2
290,1
290,0
