498,203
497,204
496,205
495,206
494,207
493,208
492,209
491,210
490,210
489,211
488,212
487,211
486,211
485,210
484,211
483,210
482,211
481,211
480,211
479,210
478,210
477,211
476,211
475,212
474,212
473,211
472,210
471,209
470,210
469,210
468,209
467,210
466,211
465,212
464,212
463,212
462,212
461,212
460,213
459,213
458,214
457,215
456,216
455,217
454,218
453,219
452,220
451,221
450,220
449,221
448,222
447,223
446,224
445,225
444,226
443,227
442,228
441,229
440,230
439,231
438,232
437,233
436,234
435,235
434,236
433,237
432,238
431,239
430,240
429,241
428,242
427,243
427,244
427,245
427,246
427,247
426,248
425,249
426,250
427,251
428,252
428,253
427,254
427,255
427,256
427,257
426,258
427,259
427,260
426,261
426,262
426,263
426,264
426,265
426,266
425,267
425,268
424,269
423,270
422,271
422,272
422,273
421,274
422,275
421,276
420,277
419,278
419,279
418,280
418,281
417,282
417,283
418,284
417,285
417,286
418,287
417,288
417,289
417,290
418,291
417,292
416,293
415,294
414,295
413,296
412,297
411,298
410,299
409,300
408,301
407,302
406,303
405,304
404,305
403,306
402,307
402,308
401,309
400,310
400,311
399,312
399,313
398,314
398,315
398,316
397,317
396,318
395,319
395,320
395,321
394,322
394,323
393,324
393,325
392,326
391,327
390,328
389,329
388,330
387,331
386,332
385,333
384,333
383,333
382,333
381,334
380,333
379,334
378,334
377,335
376,336
375,335
374,335
373,335
372,334
371,334
370,334
369,333
368,332
367,332
366,331
365,330
364,329
363,328
362,328
361,327
360,327
359,326
358,326
357,325
356,324
355,323
354,322
353,321
352,320
351,319
350,318
349,317
348,316
347,315
346,314
345,313
344,312
343,311
342,310
341,309
340,308
339,307
338,306
337,305
336,305
335,305
334,305
333,306
332,305
331,304
330,305
329,304
328,305
327,306
326,307
325,308
324,309
323,310
322,311
321,311
320,311
319,310
318,311
317,311
316,312
315,311
314,312
313,312
312,312
311,313
310,313
309,312
308,313
307,313
306,312
305,311
304,310
303,309
302,310
301,310
300,310
299,311
298,310
297,310
296,311
295,310
294,309
293,308
292,308
291,307
290,307
289,307
288,307
287,306
286,305
285,304
284,303
283,302
282,301
281,300
280,299
279,298
278,297
277,296
276,295
275,294
274,293
273,292
272,291
271,290
270,289
269,288
268,287
267,286
266,285
265,284
264,283
263,282
262,281
261,280
260,279
259,278
258,278
257,277
256,276
255,276
254,277
253,277
252,278
251,278
250,278
249,277
248,278
247,278
246,279
245,279
244,278
243,277
242,278
241,278
240,279
239,278
238,277
237,277
236,277
235,278
234,279
233,278
232,278
231,279
230,280
229,279
228,278
227,278
226,279
225,280
224,281
223,281
222,281
221,280
220,281
219,281
218,281
217,281
216,282
215,283
214,284
213,284
212,285
211,285
210,285
209,285
208,286
207,286
206,287
205,288
204,289
203,289
202,289
201,289
200,290
199,290
198,291
197,292
196,293
195,293
194,294
193,294
192,295
191,295
190,296
189,297
188,297
187,297
186,298
185,299
184,300
183,301
182,300
181,301
180,302
179,303
178,304
177,305
176,306
175,307
174,308
173,309
172,310
171,311
170,312
169,313
168,314
167,315
166,316
165,317
164,318
163,319
162,320
161,321
160,322
159,323
158,324
157,325
156,326
155,327
154,328
154,329
154,330
155,331
155,332
156,333
156,334
155,335
155,336
154,337
154,338
154,339
154,340
154,341
155,342
155,343
155,344
155,345
156,346
157,347
158,348
157,349
156,350
157,351
156,352
156,353
155,354
154,355
153,356
152,357
151,358
150,359
149,360
148,361
147,361
146,362
145,362
144,363
143,362
142,363
141,363
140,364
139,364
138,364
137,364
136,364
135,363
134,364
133,365
132,364
131,363
130,364
129,364
128,363
127,364
126,363
125,362
124,362
123,361
122,360
121,359
120,359
119,358
118,357
117,357
116,357
115,357
114,356
113,355
112,354
111,353
110,352
109,351
108,350
107,349
106,348
105,347
104,346
103,345
102,344
101,343
100,342
99,341
98,340
97,339
96,338
95,337
94,336
93,335
92,334
91,333
90,332
89,331
88,330
87,329
86,328
85,327
84,326
83,325
82,324
81,323
80,322
79,321
78,320
77,319
76,318
75,317
74,316
73,315
72,314
71,313
70,312
69,311
68,310
67,309
66,308
65,307
64,306
63,305
62,304
63,303
63,302
63,301
62,300
61,299
62,298
62,297
62,296
62,295
63,294
62,293
61,292
60,291
60,290
59,289
59,288
59,287
59,286
59,285
60,284
59,283
58,282
57,281
56,280
55,279
54,278
53,277
52,276
51,275
50,274
49,273
48,272
49,271
48,270
47,269
47,268
47,267
47,266
47,265
47,264
47,263
46,262
46,261
47,260
47,259
46,258
45,257
45,256
44,255
45,254
45,253
46,252
46,251
46,250
45,249
45,248
45,247
45,246
45,245
46,244
45,243
46,242
46,241
47,240
46,239
47,238
46,237
46,236
46,235
46,234
45,233
46,232
46,231
47,230
47,229
47,228
47,227
46,226
47,225
48,224
47,223
46,222
47,221
48,220
48,219
47,218
48,217
49,216
50,215
51,214
50,213
50,212
50,211
50,210
50,209
50,208
50,207
49,206
49,205
50,204
49,203
50,202
51,201
51,200
51,199
52,198
51,197
51,196
52,195
53,194
54,193
53,192
53,191
54,190
54,189
53,188
54,187
53,186
52,185
51,184
50,183
49,182
48,181
48,180
47,179
47,178
48,177
47,176
46,175
46,174
46,173
47,172
48,171
47,170
47,169
47,168
48,167
48,166
49,165
48,164
47,163
48,162
47,161
48,160
47,159
46,158
46,157
46,156
47,155
46,154
45,153
44,152
44,151
43,150
42,149
41,148
40,147
39,147
38,148
37,149
36,148
35,148
34,147
33,146
32,145
31,146
30,145
29,145
28,145
27,144
26,144
25,144
24,143
23,142
22,141
21,141
20,141
19,140
18,140
17,140
16,140
15,140
14,141
13,141
12,141
11,140
10,141
9,141
8,140
7,141
6,140
5,140
4,139
3,140
2,141
1,140
0,140
