498,393
497,394
496,395
495,396
494,397
493,398
492,399
491,400
490,400
489,399
488,400
487,400
486,400
485,400
484,401
483,400
482,399
481,398
480,399
479,398
478,398
477,399
476,400
475,400
474,401
473,401
472,400
471,399
470,400
469,400
468,400
467,399
466,399
465,398
464,399
463,399
462,399
461,400
460,401
459,400
458,399
457,398
456,398
455,399
454,400
453,399
452,400
451,401
450,401
449,401
448,402
447,403
446,403
445,404
444,404
443,405
442,405
441,405
440,405
439,404
438,405
437,406
436,406
435,407
434,406
433,405
432,405
431,405
430,405
429,404
428,404
427,403
426,404
425,404
424,403
423,402
422,402
421,403
420,404
419,404
418,405
417,405
416,406
415,405
414,406
413,406
412,407
411,407
410,408
409,409
408,410
407,411
406,412
405,413
404,414
403,415
402,416
401,417
400,418
399,419
398,420
397,421
396,422
395,423
394,424
393,425
392,426
391,427
390,428
389,429
388,430
387,431
386,432
385,433
384,434
383,435
382,436
381,437
380,438
379,439
378,440
378,441
378,442
377,443
376,444
375,445
374,446
373,447
372,448
371,449
370,450
369,451
368,451
367,452
366,452
365,451
364,452
363,452
362,453
361,452
360,451
359,451
358,452
357,451
356,451
355,452
354,451
353,451
352,451
351,450
350,451
349,450
348,449
347,450
346,449
345,449
344,449
343,450
342,451
341,451
340,450
339,450
338,449
337,449
336,450
335,449
334,448
333,447
332,447
331,446
330,446
329,446
328,445
327,445
326,445
325,446
324,447
323,446
322,447
321,448
320,447
319,446
318,446
317,445
316,445
315,445
314,445
313,445
312,445
311,444
310,443
309,444
308,443
307,442
306,441
305,441
304,440
303,441
302,442
301,442
300,441
299,442
298,441
297,440
296,439
295,439
294,438
293,437
292,436
291,435
290,434
289,433
288,432
287,431
286,430
285,429
284,428
283,427
282,426
281,425
280,424
279,423
278,422
277,421
276,420
275,419
274,418
273,417
272,416
271,415
270,414
269,413
268,412
267,411
266,410
265,409
264,408
263,407
262,406
261,405
261,404
262,403
263,402
262,401
263,400
263,399
262,398
262,397
262,396
263,395
263,394
264,393
265,392
266,391
266,390
266,389
267,388
267,387
267,386
267,385
268,384
268,383
268,382
269,381
270,380
269,379
270,378
271,377
272,376
273,375
274,374
274,373
275,372
275,371
275,370
276,369
277,368
278,367
277,366
277,365
278,364
277,363
278,362
279,361
279,360
280,359
280,358
281,357
282,356
283,355
284,354
285,353
286,352
287,351
288,350
289,349
290,348
291,347
292,346
293,345
294,344
295,343
296,342
297,341
298,340
299,339
300,338
301,337
302,337
303,338
304,338
305,338
306,338
307,338
308,339
309,338
310,338
311,339
312,340
313,341
314,342
315,341
316,341
317,342
318,342
319,342
320,341
321,340
322,340
323,340
324,339
325,339
326,338
327,338
328,337
329,336
330,336
331,336
332,335
333,334
334,333
335,332
336,331
337,330
338,330
339,329
340,330
341,329
342,328
343,327
344,326
345,325
346,324
347,323
348,322
349,321
350,320
351,319
352,318
353,317
354,316
355,315
356,314
357,313
358,312
359,311
360,310
361,309
362,308
363,307
364,306
365,305
366,304
367,303
368,302
369,301
370,300
371,299
372,298
373,297
374,296
375,295
376,294
377,293
378,292
379,291
380,290
381,289
382,288
383,287
384,286
385,285
386,284
387,283
388,282
389,281
390,280
391,279
392,278
393,277
394,276
395,275
396,274
397,273
398,272
399,271
400,270
401,269
402,268
403,267
404,266
405,265
406,264
407,263
408,262
409,261
410,260
411,259
412,258
413,257
414,256
415,255
416,254
417,253
418,252
419,251
420,250
421,249
422,248
423,247
424,246
425,245
426,244
427,243
428,242
429,241
430,240
431,239
432,238
433,237
434,236
435,235
436,234
437,233
438,232
439,231
440,230
441,229
442,228
443,227
444,226
445,225
446,224
447,223
448,222
449,221
450,220
451,219
452,218
453,217
454,216
455,215
456,214
457,213
457,212
458,211
458,210
458,209
457,208
458,207
459,206
458,205
459,204
458,203
458,202
459,201
460,200
460,199
460,198
461,197
461,196
461,195
462,194
461,193
461,192
461,191
460,190
459,189
460,188
460,187
461,186
461,185
461,184
461,183
460,182
461,181
461,180
461,179
460,178
460,177
461,176
460,175
460,174
461,173
461,172
460,171
459,170
460,169
459,168
458,167
459,166
459,165
460,164
461,163
460,162
461,161
462,160
461,159
461,158
460,157
459,156
460,155
459,154
459,153
460,152
459,151
458,150
458,149
457,148
456,147
456,146
455,145
455,144
455,143
455,142
455,141
454,140
453,139
452,138
451,137
450,136
449,135
448,134
447,133
446,132
445,131
444,130
443,129
442,128
441,127
440,126
439,125
438,124
437,123
436,122
435,121
434,120
433,119
432,118
431,117
430,116
429,115
428,114
427,113
426,112
425,111
424,110
423,109
422,108
421,107
420,106
419,105
418,104
417,103
416,102
415,101
414,100
413,99
412,98
411,97
410,96
409,95
408,94
407,93
406,92
405,91
404,90
403,89
402,88
401,87
400,86
399,85
398,84
397,83
396,82
395,81
394,80
393,79
392,78
391,77
390,76
389,75
388,74
387,73
386,72
385,71
384,70
383,69
382,68
381,67
380,66
379,65
378,64
377,63
376,62
375,61
374,60
373,59
372,58
371,57
370,56
369,55
368,54
367,53
366,52
365,53
364,54
363,53
362,53
361,54
360,55
359,54
358,55
357,54
356,54
355,55
354,55
353,55
352,56
351,56
350,56
349,55
348,54
347,53
346,52
345,51
344,52
343,51
342,50
341,51
340,52
339,51
338,51
337,51
336,52
335,51
334,50
333,50
332,50
331,51
330,52
329,53
328,54
327,53
326,54
325,53
324,53
323,52
322,53
321,53
320,53
319,52
318,52
317,53
316,54
315,55
314,55
313,55
312,55
311,56
310,56
309,56
308,55
307,55
306,56
305,57
304,57
303,58
302,58
301,59
300,58
299,58
298,57
297,57
296,58
295,59
294,59
293,59
292,60
291,61
290,62
289,61
288,60
287,60
286,61
285,61
284,61
283,61
282,62
281,63
280,62
279,63
278,63
277,64
276,64
275,63
274,63
273,62
272,62
271,62
270,61
269,62
268,61
267,61
266,62
265,63
264,62
263,63
262,64
261,65
260,64
259,64
258,64
257,65
256,66
255,66
254,67
253,68
252,69
251,70
250,71
249,72
248,73
247,73
246,74
245,75
244,74
243,74
242,74
241,73
240,74
239,75
238,74
237,75
236,76
235,77
234,76
233,76
232,77
231,78
230,77
229,76
228,75
227,76
226,76
225,76
224,75
223,76
222,75
221,74
220,74
219,75
218,75
217,74
216,75
215,76
214,76
213,76
212,77
211,78
210,78
209,79
208,79
207,80
206,81
205,81
204,82
203,83
202,83
201,84
200,85
199,86
198,86
197,86
196,87
195,88
194,89
193,90
192,91
191,92
190,93
189,94
188,95
187,96
186,97
185,98
184,99
183,100
182,101
181,102
180,103
179,104
178,105
177,106
176,107
175,108
174,107
173,108
172,107
171,108
170,108
169,109
168,108
167,108
166,107
165,106
164,106
163,105
162,106
161,106
160,107
159,108
158,108
157,108
156,107
155,108
154,107
153,106
152,105
151,105
150,104
149,103
148,102
147,101
146,100
145,99
144,100
143,100
142,101
141,102
140,101
139,102
138,102
137,101
136,100
135,101
134,102
133,103
132,103
131,102
130,101
129,100
128,99
127,98
126,97
125,98
124,97
123,97
122,96
121,95
120,95
119,96
118,97
117,97
116,97
115,96
114,97
113,98
112,99
111,100
110,100
109,99
108,99
107,99
106,98
105,97
104,96
103,97
102,98
101,98
100,97
99,97
98,98
97,98
96,99
95,99
94,100
93,99
92,100
91,100
90,101
89,102
88,101
87,100
86,100
85,101
84,100
83,100
82,99
81,100
80,101
79,102
78,102
77,101
76,101
75,102
74,101
73,100
72,100
71,101
70,101
69,102
68,102
67,102
66,102
65,102
64,102
63,103
62,104
61,104
60,103
59,103
58,103
57,104
56,104
55,105
54,106
53,107
52,108
51,109
50,110
49,111
48,112
47,113
46,114
45,113
44,114
43,114
42,114
41,115
40,116
39,116
38,117
37,116
36,115
35,116
34,115
33,115
32,115
31,114
30,113
29,112
28,113
27,112
26,112
25,113
24,112
23,111
22,111
21,112
20,111
19,110
18,111
17,110
16,111
15,112
14,112
13,113
12,112
11,113
10,114
9,115
8,115
7,114
6,114
5,115
4,115
3,115
2,116
1,115
0,114
