330,498
329,497
328,496
328,495
327,494
328,493
327,492
328,491
328,490
327,489
328,488
328,487
329,486
328,485
327,484
328,483
327,482
327,481
326,480
325,479
324,478
323,477
324,476
324,475
324,474
324,473
323,472
324,471
323,470
323,469
323,468
323,467
322,466
321,465
320,464
319,463
318,462
317,461
316,460
315,459
314,458
313,457
312,456
311,455
310,454
309,453
308,452
307,451
306,450
305,449
304,448
303,447
302,446
301,445
300,444
299,443
298,442
297,441
296,442
295,443
294,444
293,445
292,444
291,443
290,443
289,442
288,442
287,443
286,442
285,442
284,441
283,440
282,441
281,440
280,439
279,440
278,441
277,440
276,440
275,441
274,441
273,441
272,441
271,441
270,440
269,441
268,441
267,440
266,440
265,441
264,440
263,441
262,441
261,441
260,442
259,441
258,440
257,439
256,440
255,441
254,440
253,440
252,439
251,438
250,437
249,437
248,436
247,435
246,435
245,436
244,437
243,437
242,436
241,437
240,437
239,437
238,438
237,439
236,438
235,438
234,437
233,437
232,438
231,437
230,437
229,437
228,437
227,437
226,436
225,435
224,435
223,436
222,435
221,434
220,433
219,432
218,432
217,431
216,430
215,429
214,428
213,428
212,427
211,428
210,427
209,428
208,427
207,427
206,426
205,425
204,425
203,424
202,423
201,422
200,421
199,420
198,419
197,420
196,419
195,419
194,419
193,418
192,418
191,417
190,416
189,415
188,414
187,413
186,412
185,411
184,410
183,409
182,408
181,407
180,406
179,405
178,404
177,403
176,402
175,401
174,400
173,399
172,398
171,397
170,396
169,395
168,394
167,393
166,392
165,391
164,390
163,389
162,388
161,387
160,386
159,385
158,384
157,383
156,382
155,381
154,380
153,379
152,378
151,377
150,376
149,375
148,374
147,373
147,372
146,371
145,370
144,369
143,368
142,367
141,366
140,365
139,364
138,363
137,362
136,361
135,360
134,359
133,358
132,357
131,356
130,355
129,354
128,353
127,352
126,351
125,350
124,349
123,348
122,347
121,346
120,345
119,344
118,343
117,342
116,341
115,340
114,339
113,338
112,337
111,336
110,335
109,334
108,333
107,332
106,331
105,330
104,329
103,328
102,327
101,326
100,325
99,324
98,323
97,322
96,321
95,320
94,319
93,318
92,317
91,316
90,315
89,314
88,313
87,312
86,311
85,310
84,309
83,308
82,307
81,306
80,305
79,304
78,303
77,302
76,301
75,300
74,299
73,298
72,297
71,296
70,295
69,294
68,293
67,292
66,291
65,290
66,289
66,288
65,287
64,286
65,285
65,284
64,283
64,282
63,281
63,280
64,279
63,278
63,277
64,276
64,275
65,274
66,273
65,272
66,271
65,270
64,269
63,268
62,267
62,266
61,265
60,264
59,263
59,262
58,261
59,260
58,259
59,258
58,257
59,256
58,255
59,254
59,253
59,252
59,251
60,250
61,249
61,248
62,247
63,246
64,245
64,244
65,243
66,242
67,241
68,240
68,239
67,238
66,237
65,236
66,235
67,234
68,233
69,232
70,231
71,230
72,229
73,228
72,227
71,226
71,225
71,224
70,223
70,222
71,221
70,220
71,219
71,218
71,217
72,216
73,215
74,214
74,213
73,212
74,211
75,210
76,209
75,208
76,207
77,206
78,205
78,204
79,203
79,202
80,201
81,200
82,199
83,198
84,197
85,196
86,195
87,194
88,193
89,192
90,191
91,190
92,189
93,188
94,187
95,186
96,185
97,184
98,183
99,182
100,183
101,183
102,182
103,183
104,183
105,182
106,182
107,183
108,182
109,181
110,180
111,181
112,181
113,180
114,180
115,180
116,179
117,178
118,177
119,176
120,175
121,174
122,175
123,174
124,174
125,173
126,172
127,171
128,170
129,169
130,169
131,168
132,167
133,166
134,165
135,164
136,163
137,162
138,161
139,160
140,159
141,158
142,157
143,156
144,155
145,154
146,153
147,152
148,151
149,150
150,149
151,148
152,147
153,146
154,145
155,144
156,143
157,142
158,141
159,140
160,139
161,138
162,137
163,136
164,135
165,134
166,133
167,132
168,131
169,130
170,129
171,128
172,127
173,126
174,125
175,124
176,123
177,122
178,121
179,120
180,119
181,118
182,117
183,116
184,115
185,114
186,113
187,112
188,111
189,110
190,109
191,108
192,107
193,106
194,105
195,104
196,103
197,102
198,101
199,100
200,99
201,98
202,97
203,96
204,95
205,94
206,93
207,92
208,91
209,90
210,89
211,88
212,87
213,86
214,85
215,84
216,83
217,82
218,81
219,80
220,79
221,78
222,77
223,76
224,75
225,74
226,73
227,72
228,71
229,70
228,69
228,68
227,67
228,66
227,65
227,64
226,63
226,62
227,61
226,60
226,59
226,58
226,57
227,56
228,55
228,54
227,53
227,52
227,51
227,50
228,49
227,48
226,47
227,46
227,45
228,44
229,43
230,42
231,41
230,40
231,39
232,38
231,37
230,36
229,35
230,34
229,33
229,32
229,31
228,30
229,29
229,28
230,27
231,26
230,25
230,24
230,23
231,22
230,21
231,20
230,19
229,18
230,17
231,16
231,15
232,14
232,13
232,12
231,11
230,10
229,9
228,8
227,7
228,6
229,5
228,4
228,3
229,2
230,1
231,0
