459,498
458,497
457,496
456,495
455,494
454,493
455,492
456,491
455,490
454,489
455,488
456,487
457,486
458,485
458,484
458,483
459,482
459,481
460,480
459,479
459,478
458,477
457,476
457,475
457,474
456,473
455,472
454,471
454,470
454,469
453,468
452,467
451,466
450,465
449,464
448,463
447,462
446,461
445,460
445,459
444,458
444,457
443,456
443,455
444,454
444,453
444,452
443,451
443,450
444,449
444,448
444,447
445,446
446,445
446,444
445,443
444,442
444,441
443,440
444,439
444,438
443,437
442,436
441,435
440,434
441,433
441,432
442,431
442,430
443,429
444,428
445,427
445,426
444,425
445,424
446,423
445,422
446,421
446,420
446,419
445,418
444,417
443,416
444,415
443,414
442,413
443,412
443,411
442,410
441,409
440,408
441,407
442,406
442,405
443,404
444,403
444,402
443,401
442,400
441,399
440,398
439,397
438,396
437,395
436,394
435,393
434,392
433,391
432,390
431,389
430,388
429,387
428,386
427,385
426,384
425,383
424,382
423,381
422,380
421,379
420,378
419,377
418,376
417,375
416,374
415,373
414,372
413,371
412,370
411,369
410,368
409,367
408,366
407,365
406,364
405,363
404,362
403,361
402,360
401,359
400,358
399,357
398,356
397,355
396,354
395,353
394,352
393,351
392,350
391,349
390,348
389,347
388,346
387,345
386,344
385,343
384,342
383,341
382,340
381,339
380,338
379,337
378,336
377,335
376,334
375,333
374,332
373,331
372,330
371,329
370,328
369,327
368,326
367,325
366,324
365,323
364,322
363,321
362,320
361,319
360,318
359,317
358,316
357,315
356,314
355,313
354,312
353,311
352,310
351,309
350,308
349,307
348,306
347,305
346,304
345,303
344,302
343,301
342,300
341,299
340,298
339,297
338,296
337,295
336,294
337,293
337,292
337,291
338,290
337,289
336,288
337,287
338,286
339,285
340,284
340,283
339,282
340,281
340,280
340,279
339,278
338,277
337,276
338,275
337,274
338,273
339,272
340,271
339,270
338,269
337,268
337,267
337,266
336,265
336,264
336,263
335,262
335,261
336,260
336,259
337,258
336,257
336,256
336,255
335,254
335,253
336,252
336,251
336,250
336,249
337,248
336,247
336,246
335,245
334,244
333,243
333,242
332,241
331,240
330,239
329,238
329,237
328,236
327,235
326,234
326,233
325,232
326,231
325,230
325,229
326,228
326,227
325,226
324,225
323,224
322,223
321,222
320,221
319,220
318,219
317,218
316,217
315,216
314,215
313,214
312,213
311,212
310,211
309,210
308,209
307,208
306,207
305,206
304,205
303,205
302,204
301,205
300,205
299,205
298,206
297,207
296,208
295,209
294,210
293,211
292,212
291,212
290,211
289,211
288,212
287,213
286,214
285,213
284,213
283,212
282,213
281,212
280,211
279,210
278,211
277,210
276,209
275,210
274,210
273,211
272,210
271,211
270,210
269,211
268,210
267,211
266,212
265,213
264,212
263,213
262,213
261,214
260,213
259,214
258,215
257,215
256,215
255,216
254,217
253,216
252,216
251,216
250,217
249,218
248,217
247,217
246,217
245,216
244,215
243,216
242,216
241,217
240,217
239,218
238,218
237,218
236,218
235,219
234,220
233,221
232,221
231,221
230,221
229,221
228,222
227,222
226,223
225,224
224,225
223,226
222,225
221,226
220,227
219,228
218,229
217,229
216,230
215,231
214,232
213,233
212,234
211,234
210,234
209,233
208,233
207,232
206,233
205,234
204,233
203,234
202,235
201,234
200,235
199,234
198,235
197,236
196,237
195,238
194,238
193,239
192,240
191,239
190,239
189,239
188,238
187,239
186,239
185,239
184,238
183,239
182,240
181,239
180,238
179,237
178,236
177,235
176,234
175,233
174,232
173,232
172,232
171,233
170,233
169,234
168,233
167,232
166,233
165,234
164,234
163,235
162,236
161,235
160,234
159,235
158,236
157,237
156,237
155,237
154,236
153,235
152,234
151,235
150,236
149,236
148,235
147,235
146,236
145,237
144,236
143,236
142,236
141,236
140,236
139,236
138,237
137,237
136,237
135,238
134,239
133,240
132,239
131,239
130,238
129,239
128,238
127,238
126,238
125,239
124,239
123,240
122,239
121,240
120,239
119,238
118,238
117,238
116,237
115,238
114,237
113,237
112,238
111,239
110,239
109,239
108,239
107,239
106,239
105,238
104,239
103,240
102,240
101,240
100,240
99,240
98,239
97,238
96,237
95,236
94,235
93,234
92,233
91,232
90,231
89,230
88,229
87,228
86,227
85,226
84,225
83,224
82,223
81,222
81,221
82,220
81,219
81,218
81,217
80,216
80,215
81,214
82,213
81,212
81,211
80,210
80,209
79,208
78,207
78,206
77,205
76,204
75,203
74,202
73,201
73,200
72,199
73,198
72,197
73,196
74,195
73,194
72,193
72,192
73,191
74,190
75,189
75,188
76,187
77,186
78,185
77,184
78,183
79,182
78,181
79,180
80,179
80,178
79,177
79,176
79,175
79,174
80,173
79,172
80,171
80,170
81,169
82,168
83,167
84,166
85,165
86,164
85,163
86,162
85,161
86,160
86,159
86,158
86,157
87,156
88,155
89,154
90,153
90,152
91,151
92,150
93,149
94,148
95,147
96,146
97,145
98,144
99,143
100,142
101,141
102,140
103,139
104,138
103,137
102,136
103,135
104,134
105,133
106,132
107,131
108,130
109,129
110,128
109,127
110,126
110,125
110,124
109,123
109,122
108,121
108,120
109,119
108,118
109,117
110,116
109,115
110,114
111,113
110,112
110,111
111,110
112,109
111,108
110,107
109,106
110,105
109,104
110,103
110,102
109,101
109,100
108,99
109,98
109,97
108,96
108,95
109,94
110,93
110,92
111,91
111,90
112,89
112,88
113,87
112,86
112,85
111,84
112,83
112,82
111,81
112,80
113,79
114,78
113,77
114,76
115,75
116,74
117,73
116,72
115,71
115,70
116,69
116,68
116,67
117,66
116,65
116,64
117,63
117,62
118,61
119,60
120,59
119,58
118,57
119,56
119,55
119,54
118,53
119,52
120,51
121,50
122,49
121,48
122,47
123,46
124,45
125,44
126,43
127,42
128,41
129,40
130,39
131,38
132,37
133,36
134,35
135,34
136,33
137,32
138,31
139,30
140,30
141,29
142,28
143,29
144,30
145,29
146,28
147,27
148,27
149,26
150,26
151,27
152,28
153,28
154,28
155,28
156,29
157,29
158,29
159,29
160,28
161,28
162,27
163,27
164,26
164,25
165,24
166,23
167,22
168,21
169,20
170,19
171,18
170,17
169,16
170,15
169,14
169,13
168,12
168,11
169,10
168,9
168,8
169,7
168,6
169,5
170,4
169,3
170,2
170,1
171,0
