419,392
418,393
417,394
416,395
415,396
414,397
413,398
412,399
412,400
413,401
413,402
413,403
413,404
414,405
414,406
415,407
416,408
416,409
417,410
418,411
419,412
419,413
419,414
419,415
420,416
420,417
419,418
420,419
421,420
421,421
421,422
422,423
421,424
421,425
421,426
422,427
423,428
423,429
424,430
425,431
426,432
426,433
425,434
425,435
424,436
425,437
426,438
426,439
427,440
427,441
428,442
429,443
429,444
429,445
428,446
429,447
429,448
430,449
429,450
430,451
431,452
431,453
432,454
432,455
431,456
431,457
432,458
433,459
432,460
432,461
433,462
433,463
433,464
434,465
434,466
433,467
434,468
434,469
433,470
432,471
432,472
431,473
432,474
433,475
433,476
434,477
435,478
436,479
435,480
435,481
435,482
434,483
434,484
435,485
435,486
436,487
436,488
436,489
436,490
436,491
437,492
437,493
438,494
439,495
440,496
441,497
442,498
443,499
444,500
443,501
443,502
444,503
444,504
444,505
445,506
445,507
444,508
443,509
442,510
442,511
443,512
444,513
445,514
446,515
447,516
447,517
446,518
447,519
447,520
448,521
449,522
450,523
449,524
448,525
447,526
447,527
448,528
449,529
450,530
451,531
452,532
452,533
453,534
452,535
452,536
453,537
452,538
452,539
452,540
451,541
451,542
452,543
452,544
453,545
454,546
454,547
455,548
455,549
456,550
457,551
458,552
458,553
457,554
456,555
456,556
457,557
458,558
459,559
459,560
460,561
461,562
461,563
460,564
461,565
461,566
461,567
460,568
461,569
461,570
462,571
463,572
463,573
464,574
465,575
465,576
466,577
467,578
468,577
469,576
470,577
471,578
472,579
473,578
474,578
475,579
476,579
477,578
478,579
479,579
480,578
481,577
482,577
483,577
484,576
485,577
486,578
487,579
488,580
489,581
489,582
490,583
490,584
491,585
492,586
493,587
494,588
495,589
496,590
497,591
498,592
499,593
500,594
501,595
502,596
503,597
504,597
505,598
506,598
507,597
508,598
509,599
510,600
511,601
512,602
513,603
514,602
515,602
516,602
517,603
518,604
519,605
520,605
521,606
522,607
523,608
524,608
525,609
526,609
527,610
528,611
529,611
530,612
531,613
532,613
533,613
534,614
535,614
536,615
537,616
538,615
539,615
540,615
541,616
542,617
543,616
544,617
545,616
546,617
547,616
548,616
549,616
550,617
551,616
552,617
553,616
554,617
555,618
556,619
557,618
558,619
559,618
560,617
561,616
562,615
563,615
564,614
565,615
566,614
567,614
568,613
569,614
570,615
571,614
572,613
573,614
574,614
575,613
576,614
577,614
578,615
579,615
580,615
581,614
582,613
583,612
584,611
585,610
586,609
587,608
588,608
589,607
590,606
591,607
592,608
593,607
594,606
595,605
596,605
597,606
598,606
599,606
600,605
601,605
602,604
603,603
604,604
605,604
606,603
607,603
608,602
609,601
610,600
611,601
612,600
613,601
614,601
615,600
616,599
617,599
618,598
619,599
620,598
621,598
622,599
623,598
624,599
625,599
626,600
627,601
628,602
629,603
630,604
631,605
632,606
633,607
634,608
635,609
636,610
637,611
638,612
639,613
640,614
641,615
642,616
643,617
644,618
645,619
646,620
647,621
648,622
649,623
649,624
650,625
649,626
649,627
649,628
649,629
650,630
650,631
651,632
651,633
652,634
653,635
654,636
654,637
653,638
652,639
653,640
654,641
655,642
654,643
654,644
654,645
655,646
655,647
655,648
654,649
655,650
656,651
657,652
657,653
658,654
659,655
660,656
661,657
662,658
663,659
664,660
665,661
666,662
667,663
668,664
669,665
670,666
671,666
672,667
673,668
674,669
675,670
676,671
677,672
678,673
679,674
680,675
680,676
681,677
682,678
682,679
683,680
683,681
683,682
684,683
684,684
685,685
686,686
686,687
686,688
687,689
688,690
688,691
689,692
690,693
690,694
691,695
690,696
691,697
692,698
692,699
693,700
693,701
694,702
693,703
694,704
695,705
695,706
696,707
697,708
698,709
699,708
700,707
701,706
702,706
703,705
704,706
705,705
706,704
707,703
708,704
709,704
710,704
711,705
712,706
713,707
714,708
715,709
716,710
717,711
718,712
719,713
719,714
719,715
720,716
721,717
722,718
722,719
722,720
723,721
724,722
723,723
722,724
722,725
723,726
724,727
725,728
726,729
727,730
728,731
729,732
730,733
729,734
730,735
731,736
732,737
731,738
732,739
733,740
734,741
735,741
736,742
737,743
738,743
739,743
740,743
741,743
742,742
743,742
744,741
745,740
746,740
747,739
748,738
749,737
750,737
751,736
752,736
753,736
754,737
755,737
756,738
757,739
758,738
759,737
760,736
761,736
762,737
763,738
764,739
765,740
766,741
767,742
768,743
769,744
770,745
771,746
772,747
773,748
774,749
775,750
776,751
777,752
778,753
779,754
780,755
781,756
782,757
783,758
784,757
785,756
786,755
787,754
788,753
789,754
790,753
791,752
792,751
793,750
794,749
795,748
796,747
797,747
798,746
799,745
800,745
801,744
802,743
803,742
804,742
805,741
806,740
807,739
808,738
809,737
810,737
811,736
812,735
813,734
814,733
815,734
816,733
817,732
818,731
819,730
820,729
821,728
822,729
823,728
824,728
825,727
826,726
827,725
828,724
829,725
830,726
831,727
832,727
833,728
834,729
835,730
836,731
837,732
838,733
839,734
840,735
841,736
842,737
843,738
844,739
845,740
846,741
847,742
848,742
849,743
850,742
851,742
852,743
853,742
854,741
855,740
856,741
857,741
858,741
859,742
860,743
861,744
862,745
863,746
864,747
865,748
866,749
867,750
868,751
869,752
870,753
871,752
872,751
873,752
874,752
875,751
876,752
877,753
878,752
879,753
880,754
881,754
882,755
883,755
884,756
885,757
886,756
887,757
888,758
889,759
890,760
891,761
892,762
893,763
894,764
895,765
896,766
897,767
898,768
899,769
900,770
901,771
902,772
903,773
904,774
905,775
905,776
906,777
907,778
908,779
909,780
910,781
911,782
911,783
912,784
913,785
914,786
915,787
916,788
917,789
918,790
919,791
919,792
920,793
921,794
921,795
922,796
923,797
924,798
924,799
925,800
926,801
927,802
928,803
929,804
930,805
929,806
930,807
931,808
932,809
933,810
934,811
935,812
936,813
936,814
937,815
938,816
939,817
938,818
938,819
939,820
939,821
938,822
937,823
936,824
935,825
934,826
933,827
932,828
931,829
930,830
929,831
928,832
927,833
926,834
925,835
925,836
924,837
925,838
925,839
924,840
925,841
925,842
924,843
924,844
923,845
923,846
924,847
923,848
924,849
925,850
925,851
926,852
926,853
927,854
928,855
929,856
929,857
929,858
929,859
929,860
929,861
930,862
931,863
932,864
933,865
933,866
933,867
933,868
933,869
934,870
935,871
935,872
935,873
936,874
937,875
938,876
938,877
939,878
940,879
940,880
941,881
941,882
941,883
942,884
943,885
943,886
943,887
943,888
944,889
944,890
945,891
945,892
946,893
946,894
947,895
947,896
947,897
947,898
948,899
947,900
948,901
949,902
950,903
951,904
952,905
953,906
954,907
954,908
954,909
955,910
955,911
956,912
957,913
957,914
958,915
957,916
956,917
956,918
957,919
958,920
959,921
960,922
961,923
961,924
962,925
963,926
964,927
964,928
965,929
965,930
966,931
965,932
966,933
965,934
965,935
965,936
964,937
965,938
964,939
965,940
966,941
967,942
967,943
968,944
969,945
970,946
971,947
972,948
973,949
974,950
974,951
974,952
974,953
973,954
973,955
973,956
972,957
973,958
973,959
972,960
972,961
971,962
971,963
971,964
971,965
972,966
971,967
971,968
970,969
971,970
971,971
972,972
972,973
972,974
971,975
972,976
973,977
973,978
974,979
975,980
975,981
976,982
976,983
975,984
975,985
976,986
976,987
