998,792
997,791
996,790
995,789
994,788
993,787
992,786
991,785
990,784
989,783
988,782
987,781
986,780
985,779
984,778
983,777
982,776
981,775
980,774
979,773
978,772
977,771
976,770
975,769
974,770
973,769
972,768
971,767
970,767
969,767
968,767
967,766
966,765
965,766
964,766
963,765
962,765
961,765
960,764
959,763
958,762
957,762
956,761
955,760
954,760
953,759
952,758
951,758
950,757
949,756
948,756
947,756
946,756
945,755
944,754
943,753
942,752
941,751
940,751
939,750
938,749
937,750
936,749
935,748
934,748
933,747
932,747
931,747
930,746
929,745
928,744
927,745
926,744
925,743
924,742
923,742
922,741
921,741
920,742
919,742
918,741
917,740
916,739
915,738
914,737
913,736
912,735
911,734
910,733
909,734
908,733
907,732
906,731
905,731
904,730
903,731
902,730
901,729
900,728
899,728
898,728
897,727
896,726
895,726
894,725
893,724
892,725
891,724
890,723
889,722
888,721
887,721
886,720
885,719
884,719
883,718
882,717
881,716
880,715
879,716
878,715
877,714
876,714
875,713
874,712
873,712
872,711
871,710
870,709
869,709
868,709
867,708
866,707
865,707
864,706
863,706
862,706
861,707
860,706
859,705
858,704
857,704
856,703
855,704
854,703
853,703
852,702
851,702
850,702
849,701
848,701
847,700
846,699
845,698
844,697
843,697
842,697
841,696
840,696
839,695
838,696
837,696
836,695
835,695
834,694
833,693
832,693
831,692
830,692
829,691
828,691
827,690
826,689
825,689
824,688
823,687
822,687
821,687
820,687
819,686
818,685
817,684
816,684
815,683
814,683
813,682
812,681
811,682
810,681
809,680
808,680
807,679
806,678
805,677
804,676
803,675
802,675
801,674
800,673
799,672
798,671
797,670
796,669
795,668
794,667
793,666
792,665
791,664
790,663
789,663
788,662
787,662
786,663
785,662
784,662
783,661
782,660
781,659
780,659
779,659
778,658
777,657
776,656
775,656
774,655
773,656
772,655
771,654
770,653
769,653
768,653
767,652
766,652
765,651
764,650
763,651
762,650
761,649
760,648
759,648
758,647
757,648
756,647
755,646
754,645
753,645
752,644
751,643
750,643
749,643
748,643
747,642
746,641
745,640
744,639
743,638
742,638
741,638
740,637
739,636
738,635
737,634
736,634
735,635
734,635
733,634
732,633
731,633
730,633
729,632
728,631
727,630
726,629
725,628
724,629
723,628
722,627
721,628
720,627
719,627
718,626
717,625
716,625
715,624
714,623
713,622
712,622
711,622
710,621
709,622
708,621
707,621
706,620
705,619
704,618
703,617
702,617
701,618
700,618
699,618
698,617
697,616
696,615
695,615
694,614
693,613
692,612
691,611
690,610
689,611
688,610
687,609
686,609
685,609
684,608
683,607
682,606
681,606
680,605
679,606
678,605
677,604
676,603
675,602
674,602
673,602
672,602
671,602
670,601
669,600
668,599
667,598
666,598
665,597
664,598
663,597
662,597
661,596
660,596
659,595
658,594
657,594
656,594
655,593
654,592
653,592
652,591
651,592
650,591
649,590
648,589
647,588
646,587
645,587
644,586
643,586
642,586
641,585
640,585
639,584
638,583
637,583
636,582
635,581
634,580
633,580
632,579
631,578
630,578
629,577
628,577
627,576
626,575
625,574
624,573
623,572
622,571
622,570
621,569
622,568
623,567
623,566
624,565
624,564
624,563
624,562
623,561
624,560
623,559
623,558
623,557
624,556
625,555
624,554
625,553
624,552
625,551
624,550
624,549
624,548
625,547
624,546
624,545
624,544
623,543
624,542
623,541
624,540
625,539
624,538
623,537
622,536
623,535
623,534
623,533
624,532
624,531
625,530
624,529
624,528
624,527
624,526
625,525
625,524
624,523
624,522
624,521
624,520
625,519
626,518
626,517
627,516
628,515
628,514
627,513
628,512
629,511
628,510
629,509
630,508
631,507
631,506
631,505
631,504
632,503
633,502
633,501
632,500
632,499
633,498
632,497
631,496
630,495
629,494
628,493
627,492
627,491
626,490
625,489
624,488
625,487
624,486
624,485
624,484
623,483
624,482
624,481
625,480
624,479
623,478
623,477
622,476
623,475
622,474
623,473
622,472
622,471
623,470
622,469
621,468
620,467
620,466
620,465
619,464
619,463
620,462
619,461
618,460
617,459
618,458
617,457
616,456
616,455
617,454
616,453
615,452
615,451
615,450
614,449
613,448
612,447
612,446
612,445
611,444
610,443
609,442
609,441
608,440
608,439
607,438
606,437
606,436
605,435
605,434
604,433
604,432
603,431
602,430
601,429
600,428
599,427
600,426
599,425
598,424
597,423
596,422
595,421
594,420
593,419
592,418
591,417
590,416
589,415
588,414
587,413
586,412
585,411
584,410
583,409
582,408
581,407
580,406
579,405
578,404
577,403
576,402
575,401
574,400
573,399
572,398
571,397
570,396
569,395
568,394
567,393
566,392
565,391
564,390
563,389
562,388
561,387
560,386
559,385
558,384
557,383
556,382
555,381
554,380
553,379
552,378
551,377
550,376
549,375
548,374
547,373
546,372
545,371
544,370
543,369
542,368
541,369
540,369
539,370
538,370
537,370
536,371
535,371
534,371
533,371
532,371
531,370
530,370
529,371
528,372
527,373
526,374
525,375
524,374
523,374
522,375
521,374
520,375
519,374
518,374
517,373
516,372
515,373
514,374
513,373
512,374
511,375
510,374
509,373
508,374
507,373
506,373
505,374
504,373
503,373
502,372
501,372
500,373
499,374
498,375
497,375
496,375
495,376
494,376
493,376
492,375
491,375
490,374
489,374
488,375
487,376
486,377
485,377
484,378
483,377
482,377
481,376
480,376
479,375
478,376
477,377
476,377
475,378
474,378
473,377
472,376
471,376
470,377
469,378
468,379
467,379
466,379
465,379
464,380
463,379
462,378
461,378
460,377
459,377
458,376
457,375
456,376
455,375
454,376
453,376
452,375
451,374
450,374
449,373
448,372
447,373
446,373
445,372
444,372
443,372
442,373
441,373
440,373
439,372
438,372
437,373
436,372
435,371
434,371
433,370
432,370
431,369
430,368
429,367
428,366
427,365
426,364
425,363
424,362
423,361
422,360
421,359
420,358
419,357
418,356
417,355
416,354
415,353
414,352
413,351
412,350
411,349
410,348
409,347
408,346
407,345
406,344
405,343
404,342
403,341
402,340
401,339
400,338
399,337
398,336
397,335
396,334
395,333
394,332
393,331
393,330
392,329
391,328
391,327
390,326
389,325
390,324
390,323
390,322
389,321
389,320
388,319
387,318
388,317
387,316
386,315
386,314
385,313
384,312
385,311
384,310
384,309
383,308
382,307
381,306
381,305
380,304
380,303
380,302
379,301
378,300
378,299
378,298
377,297
377,296
378,295
377,294
376,293
375,292
374,291
374,290
373,289
373,288
373,287
372,286
373,285
372,284
372,283
371,282
370,281
370,280
369,279
370,278
369,277
368,276
368,275
367,274
366,273
365,272
364,271
364,270
363,269
364,268
363,267
363,266
362,265
361,264
362,263
362,262
361,261
360,260
361,259
360,258
359,257
359,256
358,255
359,254
359,253
358,252
357,251
356,250
356,249
356,248
355,247
355,246
355,245
355,244
354,243
353,242
352,241
351,240
352,239
351,238
350,237
350,236
349,235
348,234
347,233
347,232
347,231
346,230
346,229
345,228
344,227
345,226
344,225
344,224
344,223
343,222
342,221
341,220
340,219
339,218
338,217
338,216
338,215
338,214
338,213
337,212
336,211
337,210
336,209
335,208
336,207
335,206
335,205
334,204
335,203
334,202
334,201
333,200
332,199
332,198
331,197
331,196
330,195
329,194
329,193
329,192
328,191
327,190
327,189
326,188
325,187
326,186
326,185
325,184
324,183
323,182
324,181
323,180
323,179
322,178
321,177
320,176
319,175
319,174
320,173
319,172
318,171
317,170
317,169
316,168
316,167
316,166
315,165
315,164
314,163
314,162
313,161
312,160
312,159
311,158
310,157
309,156
309,155
309,154
308,153
308,152
307,151
306,150
307,149
307,148
306,147
305,146
305,145
306,144
305,143
305,142
304,141
303,140
303,139
303,138
304,137
303,136
303,135
302,134
301,133
300,132
300,131
299,130
300,129
301,128
300,127
299,126
298,125
297,124
297,123
296,122
295,121
295,120
295,119
294,118
294,117
294,116
293,115
293,114
293,113
292,112
291,111
290,110
289,109
288,108
287,107
288,106
287,105
286,104
286,103
285,102
284,101
284,100
285,99
284,98
283,97
283,96
283,95
282,94
282,93
282,92
281,91
280,90
281,89
280,88
280,87
279,86
278,85
278,84
277,83
278,82
277,81
276,80
277,79
276,78
275,77
274,76
274,75
273,74
273,73
272,72
273,71
272,70
273,69
273,68
273,67
272,66
271,65
270,64
269,63
268,62
267,61
266,60
267,59
266,58
265,57
265,56
264,55
265,54
264,53
263,52
262,51
262,50
261,49
262,48
261,47
261,46
261,45
260,44
261,43
260,42
260,41
259,40
259,39
258,38
258,37
257,36
256,35
256,34
255,33
255,32
256,31
257,30
256,29
255,28
254,27
255,26
254,25
254,24
253,23
252,22
253,21
253,20
252,19
252,18
251,17
251,16
252,15
252,14
252,13
253,12
252,11
251,10
250,9
251,8
250,7
249,6
250,5
250,4
251,3
250,2
249,1
